405860    0
405862    1
405863    2
405864    3
405865    4
405868    5
405869    6
405961    7
405962    8
405964    9
405966    10
405971    11
405972    12
405973    13
405975    14
405995    15
405996    16
406087    17
406088    18
406089    19
406090    20
406093    21
406094    22
406095    23
406099    24
406180    25
406182    26
406183    27
406190    28
406257    29
406258    30
406259    31
406261    32
406263    33
406265    34
406266    35
406268    36
406539    37
406540    38
406543    39
406544    40
406546    41
406549    42
406555    43
406556    44
406579    45
406581    46
406582    47
406584    48
406661    49
406662    50
406663    51
406666    52
406671    53
406674    54
406675    55
406676    56
406677    57
406696    58
406697    59
406698    60
406700    61
406745    62
406746    63
406747    64
406748    65
406753    66
406754    67
406759    68
406760    69
406761    70
406762    71
406764    72
406766    73
406767    74
406769    75
406772    76
406773    77
406774    78
406830    79
406831    80
406832    81
406833    82
406848    83
406849    84
406850    85
406851    86
406853    87
406857    88
406858    89
406859    90
406861    91
406866    92
406867    93
406869    94
406870    95
406872    96
406881    97
406882    98
406887    99
406889    100
406891    101
406892    102
406902    103
406903    104
406905    105
406920    106
406921    107
407083    108
407085    109
407086    110
407143    111
407144    112
407145    113
407146    114
407147    115
407175    116
407176    117
407178    118
407195    119
407196    120
407197    121
407198    122
407199    123
407200    124
407269    125
407270    126
407271    127
407272    128
407276    129
407361    130
407362    131
407367    132
407369    133
407370    134
407371    135
407372    136
407375    137
407376    138
407377    139
407378    140
407379    141
407380    142
407381    143
407445    144
407447    145
407448    146
407454    147
407455    148
407456    149
407457    150
407459    151
407526    152
407558    153
407608    154
407610    155
407611    156
407614    157
407618    158
407620    159
407621    160
407660    161
407661    162
407662    163
407664    164
407666    165
407669    166
407670    167
407671    168
407672    169
407673    170
407675    171
407676    172
407711    173
407786    174
407790    175
407792    176
407796    177
407797    178
407798    179
407799    180
407800    181
407802    182
407839    183
407842    184
407944    185
407945    186
407946    187
407947    188
407948    189
407950    190
407951    191
407953    192
407959    193
407960    194
407963    195
407964    196
407965    197
407966    198
408070    199
408071    200
408073    201
408074    202
408075    203
408076    204
408077    205
408078    206
408175    207
408176    208
408177    209
408181    210
408182    211
408183    212
408184    213
408217    214
408218    215
408219    216
408220    217
408224    218
408225    219
408227    220
408321    221
408322    222
408323    223
408324    224
408325    225
408328    226
408329    227
408330    228
408332    229
408333    230
408334    231
408335    232
408336    233
408404    234
408405    235
408406    236
408408    237
408409    238
408410    239
408432    240
408433    241
408435    242
408436    243
408437    244
408438    245
408439    246
408440    247
408572    248
408573    249
408574    250
408575    251
408577    252
408578    253
408579    254
408580    255
408582    256
408583    257
408584    258
408585    259
408586    260
408587    261
408588    262
408589    263
408592    264
408641    265
408642    266
408643    267
408644    268
408645    269
408646    270
408647    271
408648    272
408649    273
408650    274
408670    275
408671    276
408673    277
408674    278
408675    279
408798    280
408799    281
408801    282
408802    283
408803    284
408805    285
408857    286
408858    287
408859    288
408860    289
408881    290
408882    291
408883    292
408885    293
408886    294
408887    295
408888    296
408889    297
408920    298
408921    299
408923    300
408924    301
408925    302
408994    303
408995    304
408996    305
408997    306
408998    307
408999    308
409004    309
409006    310
409009    311
409010    312
409011    313
409012    314
409014    315
409082    316
409084    317
409086    318
409087    319
409088    320
409089    321
409092    322
409115    323
409116    324
409118    325
409120    326
409121    327
409123    328
409124    329
409147    330
409149    331
409150    332
409151    333
409152    334
409200    335
409222    336
409223    337
409224    338
409225    339
409226    340
409227    341
409228    342
409229    343
409230    344
409231    345
409232    346
409233    347
409235    348
409236    349
409237    350
409239    351
409241    352
409242    353
409243    354
409244    355
409295    356
409297    357
409298    358
409299    359
409300    360
409301    361
409302    362
409303    363
409304    364
409305    365
409306    366
409307    367
409308    368
409311    369
409312    370
409313    371
409428    372
409429    373
409430    374
409431    375
409432    376
409433    377
409435    378
409436    379
409437    380
409438    381
409439    382
409440    383
409442    384
409443    385
409454    386
409455    387
409456    388
409457    389
409458    390
409459    391
409465    392
409467    393
409469    394
409471    395
409547    396
409548    397
409549    398
409550    399
409551    400
409552    401
409553    402
409554    403
409555    404
409611    405
409612    406
409613    407
409614    408
409616    409
409617    410
409619    411
409620    412
409622    413
409636    414
409637    415
409638    416
409639    417
409640    418
409641    419
409642    420
409643    421
409644    422
409647    423
409678    424
409680    425
409681    426
409682    427
409683    428
409684    429
409687    430
409688    431
409694    432
409695    433
409696    434
409697    435
409698    436
409699    437
409700    438
409702    439
409703    440
409705    441
409706    442
409707    443
409709    444
409714    445
409716    446
409718    447
409720    448
409722    449
409723    450
409825    451
409826    452
409827    453
409829    454
409830    455
409831    456
409832    457
409833    458
409835    459
409836    460
409837    461
409838    462
409839    463
409840    464
409841    465
409842    466
409887    467
409889    468
409890    469
409891    470
409892    471
409893    472
409894    473
409897    474
409900    475
409902    476
409967    477
409968    478
409971    479
409972    480
409973    481
409974    482
409975    483
409977    484
410009    485
410010    486
410011    487
410012    488
410013    489
410014    490
410015    491
410065    492
410066    493
410104    494
410105    495
410106    496
410107    497
410108    498
410110    499
410111    500
410112    501
410114    502
410118    503
410119    504
410120    505
410122    506
410156    507
410158    508
410166    509
410167    510
410168    511
410169    512
410185    513
410221    514
410222    515
410224    516
410226    517
410227    518
410228    519
410230    520
410231    521
410261    522
410262    523
410263    524
410265    525
410266    526
410267    527
410335    528
410336    529
410337    530
410338    531
410340    532
410341    533
410345    534
410346    535
410347    536
410354    537
410356    538
410357    539
410358    540
410403    541
410406    542
410407    543
410408    544
410409    545
410411    546
410413    547
410416    548
410417    549
410418    550
410420    551
410523    552
410524    553
410525    554
410535    555
410536    556
410537    557
410538    558
410539    559
410595    560
410596    561
410597    562
410598    563
410599    564
410600    565
410603    566
410604    567
410644    568
410645    569
410646    570
410647    571
410653    572
410654    573
410655    574
410656    575
410659    576
410668    577
410670    578
410675    579
410677    580
410679    581
410680    582
410681    583
410682    584
410683    585
410685    586
410718    587
410720    588
410721    589
410722    590
410723    591
410724    592
410725    593
410726    594
410728    595
410729    596
410748    597
410749    598
410750    599
410752    600
410753    601
410754    602
410759    603
410796    604
410797    605
410800    606
410802    607
410803    608
410810    609
410835    610
410836    611
410837    612
410838    613
410839    614
410840    615
410841    616
410842    617
410843    618
410920    619
410921    620
410922    621
410923    622
410924    623
410937    624
410938    625
410939    626
410940    627
410941    628
410942    629
410943    630
410944    631
411008    632
411009    633
411010    634
411011    635
411012    636
411013    637
411014    638
411015    639
411019    640
411020    641
411022    642
411024    643
411025    644
411139    645
411152    646
411154    647
411155    648
411156    649
411158    650
411159    651
411173    652
411266    653
411267    654
411270    655
411271    656
411272    657
411273    658
411274    659
411275    660
411276    661
411277    662
411350    663
411351    664
411352    665
411353    666
411354    667
411356    668
411404    669
411405    670
411408    671
411410    672
411411    673
411419    674
411422    675
411423    676
411425    677
411456    678
411458    679
411459    680
411460    681
411461    682
411462    683
411497    684
411500    685
411501    686
411502    687
411503    688
411553    689
411554    690
411555    691
411556    692
411557    693
411558    694
411559    695
411561    696
411596    697
411597    698
411598    699
411599    700
411601    701
411602    702
411635    703
411636    704
411637    705
411638    706
411639    707
411640    708
411643    709
411644    710
411645    711
411649    712
411651    713
411652    714
411763    715
411764    716
411767    717
411817    718
411818    719
411819    720
411823    721
411825    722
411826    723
411912    724
411913    725
411914    726
411915    727
411916    728
411918    729
411921    730
411922    731
411924    732
411925    733
411926    734
411991    735
411992    736
411993    737
411994    738
411995    739
412065    740
412067    741
412068    742
412069    743
412092    744
412093    745
412094    746
412097    747
412098    748
412099    749
412101    750
412102    751
412149    752
412150    753
412214    754
412215    755
412216    756
412317    757
412318    758
412319    759
412320    760
412321    761
412322    762
412323    763
412324    764
412326    765
412328    766
412329    767
412407    768
412410    769
412411    770
412412    771
412413    772
412414    773
412416    774
412417    775
412419    776
412424    777
412426    778
412427    779
412428    780
412429    781
412430    782
412431    783
412433    784
412483    785
412484    786
412485    787
412486    788
412487    789
412488    790
412489    791
412490    792
412491    793
412512    794
412514    795
412515    796
412516    797
412517    798
412518    799
412519    800
412520    801
412521    802
412523    803
412646    804
412647    805
412648    806
412651    807
412652    808
412653    809
412655    810
412705    811
412706    812
412707    813
412708    814
412709    815
412742    816
412743    817
412745    818
412804    819
412805    820
412806    821
412807    822
412808    823
412836    824
412841    825
412842    826
412847    827
412848    828
412849    829
412850    830
412851    831
412879    832
412881    833
412882    834
412883    835
412884    836
412932    837
412933    838
412934    839
412979    840
412985    841
412986    842
412987    843
412988    844
412990    845
412993    846
412994    847
413074    848
413075    849
413076    850
413077    851
413078    852
413079    853
413080    854
413081    855
413086    856
413087    857
413088    858
413089    859
413090    860
413092    861
413143    862
413144    863
413146    864
413148    865
413149    866
413150    867
413151    868
413154    869
413155    870
413157    871
413158    872
413160    873
413162    874
413163    875
413164    876
413165    877
413183    878
413187    879
413240    880
413241    881
413242    882
413243    883
413264    884
413265    885
413267    886
413383    887
413384    888
413392    889
413435    890
413436    891
413439    892
413440    893
413539    894
413540    895
413541    896
413542    897
413543    898
413544    899
413545    900
413546    901
413551    902
413552    903
413553    904
413555    905
413556    906
413557    907
413560    908
413561    909
413562    910
413563    911
413564    912
413603    913
413604    914
413605    915
413607    916
413608    917
413609    918
413610    919
413611    920
413612    921
413631    922
413633    923
413634    924
413636    925
413637    926
413638    927
413639    928
413642    929
413643    930
413662    931
413663    932
413664    933
413665    934
413666    935
413667    936
413669    937
413672    938
413708    939
413709    940
413710    941
413712    942
413715    943
413716    944
413717    945
413721    946
413722    947
413723    948
413724    949
413747    950
413748    951
413749    952
413750    953
413751    954
413752    955
413753    956
413755    957
413756    958
413843    959
413844    960
413924    961
413925    962
413926    963
413927    964
413931    965
413932    966
413933    967
413934    968
413936    969
413940    970
414049    971
414050    972
414051    973
414052    974
414053    975
414059    976
414060    977
414061    978
414071    979
414072    980
414073    981
414074    982
414075    983
414076    984
414077    985
414078    986
414079    987
414132    988
414133    989
414134    990
414135    991
414136    992
414138    993
414140    994
414148    995
414149    996
414150    997
414151    998
414152    999
414153    1000
414154    1001
414156    1002
414157    1003
414158    1004
414186    1005
414187    1006
414191    1007
414195    1008
414196    1009
414197    1010
414198    1011
414200    1012
414201    1013
414202    1014
414203    1015
414204    1016
414205    1017
414206    1018
414207    1019
414284    1020
414285    1021
414294    1022
414309    1023
414310    1024
414311    1025
414312    1026
414327    1027
414328    1028
414329    1029
414330    1030
414331    1031
414332    1032
414334    1033
414335    1034
414336    1035
414338    1036
414339    1037
414340    1038
414425    1039
414427    1040
414428    1041
414430    1042
414431    1043
414432    1044
414434    1045
414499    1046
414505    1047
414507    1048
414511    1049
414512    1050
414515    1051
414517    1052
414518    1053
414519    1054
414520    1055
414557    1056
414559    1057
414560    1058
414562    1059
414563    1060
414564    1061
414565    1062
414599    1063
414604    1064
414605    1065
414606    1066
414607    1067
414608    1068
414609    1069
414610    1070
414626    1071
414627    1072
414629    1073
414631    1074
414632    1075
414633    1076
414634    1077
414635    1078
414636    1079
414702    1080
414703    1081
414704    1082
414705    1083
414706    1084
414707    1085
414728    1086
414729    1087
414731    1088
414732    1089
414824    1090
414825    1091
414826    1092
414827    1093
414828    1094
414829    1095
414830    1096
414832    1097
414847    1098
414848    1099
414849    1100
414850    1101
414851    1102
414852    1103
414853    1104
414854    1105
414856    1106
414857    1107
414884    1108
414885    1109
414886    1110
414887    1111
414888    1112
414889    1113
414890    1114
414892    1115
414893    1116
414899    1117
414976    1118
414978    1119
414979    1120
414980    1121
414981    1122
414982    1123
414985    1124
414986    1125
414987    1126
414988    1127
