0 0 940.313 1063.06
0 1 940.313 1078.4
0 2 940.313 1071.46
0 3 940.313 1064.26
0 4 940.313 1055.91
0 5 940.313 1054.12
0 6 940.313 1050.14
0 7 940.313 1049.43
0 8 940.313 1047.44
0 9 940.313 1046.66
0 10 940.313 1049.22
0 11 940.313 1048.83
0 12 940.313 1049.34
0 13 940.313 1049.97
0 14 940.313 1048.77
0 15 940.313 1049.55
3 0 816.554 919.825
3 1 816.554 925.882
3 2 816.554 921.961
3 3 816.554 918.513
3 4 816.554 911.52
3 5 816.554 910.122
3 6 816.554 907.864
3 7 816.554 906.869
3 8 816.554 903.851
3 9 816.554 902.153
3 10 816.554 906.964
3 11 816.554 902.855
3 12 816.554 902.72
3 13 816.554 902.892
3 14 816.554 903.631
3 15 816.554 904.026
9 0 772.538 921.862
9 1 772.538 932.633
9 2 772.538 930.182
9 3 772.538 927.125
9 4 772.538 920.846
9 5 772.538 920.066
9 6 772.538 916.191
9 7 772.538 915.225
9 8 772.538 910.904
9 9 772.538 910.271
9 10 772.538 916.335
9 11 772.538 911.72
9 12 772.538 910.765
9 13 772.538 909.614
9 14 772.538 907.008
9 15 772.538 906.864
10 0 772.116 895.647
10 1 772.116 901.146
10 2 772.116 894.422
10 3 772.116 888.085
10 4 772.116 877.897
10 5 772.116 874.763
10 6 772.116 874.372
10 7 772.116 873.284
10 8 772.116 867.694
10 9 772.116 865.851
10 10 772.116 875.551
10 11 772.116 867.457
10 12 772.116 867.518
10 13 772.116 867.318
10 14 772.116 867.685
10 15 772.116 869.056
11 0 694.728 798.741
11 1 694.728 788.112
11 2 694.728 771.429
11 3 694.728 764.825
11 4 694.728 756.267
11 5 694.728 755.713
11 6 694.728 752.08
11 7 694.728 750.187
11 8 694.728 765.683
11 9 694.728 764.2
11 10 694.728 769.576
11 11 694.728 764.233
11 12 694.728 764.001
11 13 694.728 763.633
11 14 694.728 762.327
11 15 694.728 761.948
13 0 798.082 1031.05
13 1 798.082 1018.71
13 2 798.082 984.67
13 3 798.082 974.397
13 4 798.082 957.205
13 5 798.082 959.523
13 6 798.082 951.612
13 7 798.082 949.117
13 8 798.082 946.151
13 9 798.082 942.193
13 10 798.082 953.965
13 11 798.082 945.384
13 12 798.082 946.119
13 13 798.082 946.991
13 14 798.082 944.313
13 15 798.082 943.657
17 0 903.069 978.837
17 1 903.069 983.896
17 2 903.069 984.332
17 3 903.069 983.142
17 4 903.069 981.843
17 5 903.069 980.32
17 6 903.069 979.628
17 7 903.069 978.766
17 8 903.069 975.938
17 9 903.069 976.914
17 10 903.069 977.848
17 11 903.069 977.441
17 12 903.069 977.033
17 13 903.069 976.269
17 14 903.069 974.862
17 15 903.069 974.742
19 0 827.246 971.093
19 1 827.246 956.411
19 2 827.246 937.119
19 3 827.246 928.718
19 4 827.246 918.673
19 5 827.246 918.981
19 6 827.246 915.41
19 7 827.246 913.446
19 8 827.246 939.347
19 9 827.246 940.034
19 10 827.246 950.591
19 11 827.246 941.847
19 12 827.246 942.411
19 13 827.246 942.395
19 14 827.246 940.646
19 15 827.246 898.091
20 0 938.151 1035.47
20 1 938.151 1040.93
20 2 938.151 1032.47
20 3 938.151 1028.44
20 4 938.151 1023.96
20 5 938.151 1025.42
20 6 938.151 1019.92
20 7 938.151 1017.87
20 8 938.151 1015.75
20 9 938.151 1016.51
20 10 938.151 1014.62
20 11 938.151 1016.52
20 12 938.151 1016.22
20 13 938.151 1015.78
20 14 938.151 1013.66
20 15 938.151 1013.73
22 0 978.14 1076.72
22 1 978.14 1066.95
22 2 978.14 1052.79
22 3 978.14 1045.59
22 4 978.14 1037.95
22 5 978.14 1035.39
22 6 978.14 1033.62
22 7 978.14 1031.93
22 8 978.14 1046.86
22 9 978.14 1048.4
22 10 978.14 1055.52
22 11 978.14 1049.07
22 12 978.14 1048.33
22 13 978.14 1047.87
22 14 978.14 1045.55
22 15 978.14 1045.36
24 0 1017.15 1147.31
24 1 1017.15 1147.84
24 2 1017.15 1132.31
24 3 1017.15 1127.4
24 4 1017.15 1119.33
24 5 1017.15 1117.49
24 6 1017.15 1116.83
24 7 1017.15 1117.42
24 8 1017.15 1114.43
24 9 1017.15 1113.31
24 10 1017.15 1122.35
24 11 1017.15 1116.07
24 12 1017.15 1115.89
24 13 1017.15 1115.89
24 14 1017.15 1114.16
24 15 1017.15 1114.95
25 0 902.892 997.456
25 1 902.892 985.783
25 2 902.892 970.421
25 3 902.892 965.023
25 4 902.892 957.359
25 5 902.892 955.886
25 6 902.892 953.82
25 7 902.892 952.34
25 8 902.892 967.797
25 9 902.892 967.419
25 10 902.892 973.125
25 11 902.892 968.492
25 12 902.892 968.362
25 13 902.892 968.661
25 14 902.892 967.346
25 15 902.892 967.946
26 0 963.957 1136.6
26 1 963.957 1124.15
26 2 963.957 1103.26
26 3 963.957 1093.68
26 4 963.957 1080.9
26 5 963.957 1077.86
26 6 963.957 1078.83
26 7 963.957 1079.72
26 8 963.957 1110.79
26 9 963.957 1113.55
26 10 963.957 1131.33
26 11 963.957 1118.78
26 12 963.957 1119.09
26 13 963.957 1119.1
26 14 963.957 1116.45
26 15 963.957 1118.92
27 0 903.81 983.194
27 1 903.81 989.875
27 2 903.81 986.902
27 3 903.81 986.853
27 4 903.81 986.121
27 5 903.81 988.669
27 6 903.81 986.046
27 7 903.81 984.115
27 8 903.81 983.007
27 9 903.81 985.403
27 10 903.81 982.899
27 11 903.81 985.996
27 12 903.81 988.068
27 13 903.81 986.895
27 14 903.81 984.196
27 15 903.81 984.451
28 0 789.704 853.989
28 1 789.704 860.407
28 2 789.704 862.312
28 3 789.704 862.685
28 4 789.704 861.648
28 5 789.704 862.286
28 6 789.704 863.196
28 7 789.704 864.317
28 8 789.704 861.463
28 9 789.704 861.469
28 10 789.704 866.417
28 11 789.704 863.109
28 12 789.704 863.336
28 13 789.704 863.513
28 14 789.704 864.342
28 15 789.704 865.641
29 0 866.956 1054.35
29 1 866.956 1057.02
29 2 866.956 1036.5
29 3 866.956 1027.99
29 4 866.956 1014.03
29 5 866.956 1011.76
29 6 866.956 1006.65
29 7 866.956 1003.42
29 8 866.956 999
29 9 866.956 996.38
29 10 866.956 1006.78
29 11 866.956 997.746
29 12 866.956 996.546
29 13 866.956 995.38
29 14 866.956 990.91
29 15 866.956 989.624
30 0 851.78 927.327
30 1 851.78 933.184
30 2 851.78 927.218
30 3 851.78 925.35
30 4 851.78 921.981
30 5 851.78 923.532
30 6 851.78 918.356
30 7 851.78 916.521
30 8 851.78 915.273
30 9 851.78 915.114
30 10 851.78 914.117
30 11 851.78 915.074
30 12 851.78 915.18
30 13 851.78 914.073
30 14 851.78 912.831
30 15 851.78 912.344
31 0 852.18 917.236
31 1 852.18 925.797
31 2 852.18 930.716
31 3 852.18 930.556
31 4 852.18 932.015
31 5 852.18 932.913
31 6 852.18 932.604
31 7 852.18 933.893
31 8 852.18 932.271
31 9 852.18 932.813
31 10 852.18 934.027
31 11 852.18 933.531
31 12 852.18 933.866
31 13 852.18 933.525
31 14 852.18 932.34
31 15 852.18 933.066
32 0 935.953 1011.98
32 1 935.953 1021.91
32 2 935.953 1027.58
32 3 935.953 1027.26
32 4 935.953 1028.08
32 5 935.953 1029.14
32 6 935.953 1026.13
32 7 935.953 1024.82
32 8 935.953 1022.59
32 9 935.953 1024.12
32 10 935.953 1022.22
32 11 935.953 1024.69
32 12 935.953 1024.92
32 13 935.953 1024.58
32 14 935.953 1022.53
32 15 935.953 1022.6
36 0 826.438 906.64
36 1 826.438 905.35
36 2 826.438 894.421
36 3 826.438 890.244
36 4 826.438 883.363
36 5 826.438 882.33
36 6 826.438 879.245
36 7 826.438 877.515
36 8 826.438 875.179
36 9 826.438 874.099
36 10 826.438 877.663
36 11 826.438 874.379
36 12 826.438 874.058
36 13 826.438 874.142
36 14 826.438 873.499
36 15 826.438 873.154
37 0 800.088 882.749
37 1 800.088 889.295
37 2 800.088 883.42
37 3 800.088 879.492
37 4 800.088 874.359
37 5 800.088 874.619
37 6 800.088 869.824
37 7 800.088 867.988
37 8 800.088 866.294
37 9 800.088 865.129
37 10 800.088 867.014
37 11 800.088 865.303
37 12 800.088 864.692
37 13 800.088 864.969
37 14 800.088 864.205
37 15 800.088 863.727
38 0 963.545 1082.14
38 1 963.545 1081.73
38 2 963.545 1066.43
38 3 963.545 1059.69
38 4 963.545 1049.01
38 5 963.545 1047.04
38 6 963.545 1042.89
38 7 963.545 1040.08
38 8 963.545 1037.01
38 9 963.545 1035.48
38 10 963.545 1041.27
38 11 963.545 1036.21
38 12 963.545 1035.59
38 13 963.545 1035.32
38 14 963.545 1033.54
38 15 963.545 1032.85
39 0 864.508 994.021
39 1 864.508 984.877
39 2 864.508 971.754
39 3 864.508 966.424
39 4 864.508 957.26
39 5 864.508 955.3
39 6 864.508 952.804
39 7 864.508 951.325
39 8 864.508 948.047
39 9 864.508 946.499
39 10 864.508 953.978
39 11 864.508 950.82
39 12 864.508 949.946
39 13 864.508 949.317
39 14 864.508 947.141
39 15 864.508 947.039
40 0 796.776 891.797
40 1 796.776 883.451
40 2 796.776 869.73
40 3 796.776 863.867
40 4 796.776 858.406
40 5 796.776 856.635
40 6 796.776 855.057
40 7 796.776 854.514
40 8 796.776 851.66
40 9 796.776 850.981
40 10 796.776 856.199
40 11 796.776 854.381
40 12 796.776 853.191
40 13 796.776 854.014
40 14 796.776 853.046
40 15 796.776 853.585
41 0 712.03 834.948
41 1 712.03 847.496
41 2 712.03 841.454
41 3 712.03 835.765
41 4 712.03 826.614
41 5 712.03 828.596
41 6 712.03 819.888
41 7 712.03 816.627
41 8 712.03 814.03
41 9 712.03 812.526
41 10 712.03 815.516
41 11 712.03 812.808
41 12 712.03 812.29
41 13 712.03 812.78
41 14 712.03 810.327
41 15 712.03 809.565
43 0 785.17 887.138
43 1 785.17 879.668
43 2 785.17 870.563
43 3 785.17 866.579
43 4 785.17 859.539
43 5 785.17 859.008
43 6 785.17 857.628
43 7 785.17 856.515
43 8 785.17 852.521
43 9 785.17 850.699
43 10 785.17 857.309
43 11 785.17 853.287
43 12 785.17 852.854
43 13 785.17 852.473
43 14 785.17 852.851
43 15 785.17 853.366
44 0 907.859 1012.97
44 1 907.859 1025.28
44 2 907.859 1021.17
44 3 907.859 1015.97
44 4 907.859 1010.02
44 5 907.859 1010.9
44 6 907.859 1004.4
44 7 907.859 1002.64
44 8 907.859 1000.21
44 9 907.859 998.849
44 10 907.859 999.044
44 11 907.859 998.999
44 12 907.859 997.986
44 13 907.859 998.188
44 14 907.859 997.841
44 15 907.859 997.701
46 0 813.353 939.782
46 1 813.353 933.473
46 2 813.353 922.319
46 3 813.353 916.883
46 4 813.353 907.775
46 5 813.353 905.73
46 6 813.353 904.381
46 7 813.353 897.615
46 8 813.353 899.243
46 9 813.353 897.579
46 10 813.353 906.486
46 11 813.353 901.944
46 12 813.353 900.916
46 13 813.353 900.649
46 14 813.353 897.495
46 15 813.353 897.917
47 0 884.557 1058.13
47 1 884.557 1072.27
47 2 884.557 1063.12
47 3 884.557 1056.16
47 4 884.557 1041.62
47 5 884.557 1039.31
47 6 884.557 1035.15
47 7 884.557 1032.29
47 8 884.557 1027.76
47 9 884.557 1025.05
47 10 884.557 1036.11
47 11 884.557 1026.86
47 12 884.557 1026.18
47 13 884.557 1025.72
47 14 884.557 1022.38
47 15 884.557 1022.4
50 0 827.286 942.554
50 1 827.286 944.721
50 2 827.286 929.617
50 3 827.286 922.287
50 4 827.286 911.045
50 5 827.286 907.79
50 6 827.286 904.599
50 7 827.286 902.23
50 8 827.286 898.505
50 9 827.286 897.22
50 10 827.286 902.441
50 11 827.286 897.992
50 12 827.286 897.8
50 13 827.286 897.764
50 14 827.286 896.69
50 15 827.286 896.941
54 0 844.612 947.085
54 1 844.612 939.253
54 2 844.612 925.063
54 3 844.612 918.435
54 4 844.612 910.624
54 5 844.612 908.965
54 6 844.612 907.058
54 7 844.612 905.22
54 8 844.612 902.293
54 9 844.612 901.167
54 10 844.612 906.838
54 11 844.612 904.476
54 12 844.612 904.353
54 13 844.612 904.402
54 14 844.612 902.651
54 15 844.612 902.832
56 0 848.937 981.914
56 1 848.937 983.853
56 2 848.937 975.82
56 3 848.937 971.57
56 4 848.937 964.449
56 5 848.937 962.098
56 6 848.937 961.581
56 7 848.937 961.838
56 8 848.937 957.921
56 9 848.937 956.751
56 10 848.937 965.738
56 11 848.937 958.995
56 12 848.937 958.405
56 13 848.937 957.949
56 14 848.937 956.61
56 15 848.937 957.198
57 0 793.156 900.35
57 1 793.156 894.195
57 2 793.156 883.667
57 3 793.156 879.132
57 4 793.156 871.659
57 5 793.156 870.357
57 6 793.156 868.688
57 7 793.156 867.582
57 8 793.156 864.064
57 9 793.156 862.819
57 10 793.156 868.986
57 11 793.156 866.821
57 12 793.156 866.306
57 13 793.156 866.156
57 14 793.156 864.98
57 15 793.156 865.342
59 0 862.689 959.882
59 1 862.689 970.567
59 2 862.689 971.309
59 3 862.689 969.057
59 4 862.689 966.68
59 5 862.689 968.226
59 6 862.689 963.779
59 7 862.689 963.504
59 8 862.689 961.074
59 9 862.689 961.068
59 10 862.689 961.557
59 11 862.689 961.858
59 12 862.689 961.381
59 13 862.689 961.374
59 14 862.689 960.734
59 15 862.689 960.594
61 0 774.814 894.064
61 1 774.814 895.964
61 2 774.814 889.845
61 3 774.814 886.318
61 4 774.814 880.25
61 5 774.814 879.081
61 6 774.814 878.957
61 7 774.814 878.974
61 8 774.814 874.96
61 9 774.814 874.005
61 10 774.814 883.552
61 11 774.814 876.164
61 12 774.814 875.952
61 13 774.814 875.806
61 14 774.814 874.422
61 15 774.814 875.446
63 0 780.326 878.719
63 1 780.326 888.086
63 2 780.326 886.965
63 3 780.326 884.532
63 4 780.326 879.311
63 5 780.326 879.446
63 6 780.326 874.963
63 7 780.326 873.77
63 8 780.326 872.315
63 9 780.326 870.055
63 10 780.326 874.527
63 11 780.326 870.496
63 12 780.326 869.518
63 13 780.326 868.899
63 14 780.326 866.631
63 15 780.326 865.821
66 0 935.531 1047.56
66 1 935.531 1053.55
66 2 935.531 1047.27
66 3 935.531 1043.52
66 4 935.531 1034.24
66 5 935.531 1034.46
66 6 935.531 1028.01
66 7 935.531 1026.27
66 8 935.531 1025.03
66 9 935.531 1023.07
66 10 935.531 1024.69
66 11 935.531 1036.26
66 12 935.531 1035.3
66 13 935.531 1034.87
66 14 935.531 1034.18
66 15 935.531 1033.01
68 0 829.083 931.305
68 1 829.083 930.417
68 2 829.083 918.238
68 3 829.083 912.824
68 4 829.083 902.559
68 5 829.083 901.335
68 6 829.083 897.184
68 7 829.083 895.21
68 8 829.083 892.16
68 9 829.083 889.523
68 10 829.083 894.25
68 11 829.083 899.353
68 12 829.083 898.376
68 13 829.083 897.875
68 14 829.083 898.474
68 15 829.083 898.26
69 0 793.344 1036.14
69 1 793.344 1049.31
69 2 793.344 1032.5
69 3 793.344 1023.46
69 4 793.344 1003.77
69 5 793.344 1005.42
69 6 793.344 992.566
69 7 793.344 988.881
69 8 793.344 986.126
69 9 793.344 980.905
69 10 793.344 990.244
69 11 793.344 982.873
69 12 793.344 982.788
69 13 793.344 983.514
69 14 793.344 981.944
69 15 793.344 981.083
73 0 783.951 924.698
73 1 783.951 935.715
73 2 783.951 931.679
73 3 783.951 927.458
73 4 783.951 918.714
73 5 783.951 916.448
73 6 783.951 913.705
73 7 783.951 913.215
73 8 783.951 910.419
73 9 783.951 909.163
73 10 783.951 915.83
73 11 783.951 910.206
73 12 783.951 909.651
73 13 783.951 909.259
73 14 783.951 908.062
73 15 783.951 908.215
75 0 674.787 845.485
75 1 674.787 842.071
75 2 674.787 829.49
75 3 674.787 821.591
75 4 674.787 808.611
75 5 674.787 806.427
75 6 674.787 805.17
75 7 674.787 805.546
75 8 674.787 799.41
75 9 674.787 795.452
75 10 674.787 807.69
75 11 674.787 797.488
75 12 674.787 797.166
75 13 674.787 796.948
75 14 674.787 799.23
75 15 674.787 800.981
78 0 860.034 964.372
78 1 860.034 959.591
78 2 860.034 947.446
78 3 860.034 941.252
78 4 860.034 933.068
78 5 860.034 929.658
78 6 860.034 928.504
78 7 860.034 928.076
78 8 860.034 925.017
78 9 860.034 923.781
78 10 860.034 930.124
78 11 860.034 925.205
78 12 860.034 924.797
78 13 860.034 924.595
78 14 860.034 923.576
78 15 860.034 924.097
79 0 864.581 986.137
79 1 864.581 984.746
79 2 864.581 969.492
79 3 864.581 963.759
79 4 864.581 954.176
79 5 864.581 953.699
79 6 864.581 947.029
79 7 864.581 944.567
79 8 864.581 943.404
79 9 864.581 941.371
79 10 864.581 944.5
79 11 864.581 940.898
79 12 864.581 939.843
79 13 864.581 939.758
79 14 864.581 937.652
79 15 864.581 936.655
80 0 748.408 870.289
80 1 748.408 862.427
80 2 748.408 847.884
80 3 748.408 842.332
80 4 748.408 832.546
80 5 748.408 831.897
80 6 748.408 827.508
80 7 748.408 825.449
80 8 748.408 823.535
80 9 748.408 820.843
80 10 748.408 827.331
80 11 748.408 821.698
80 12 748.408 821.28
80 13 748.408 821.184
80 14 748.408 819.424
80 15 748.408 819.107
82 0 901.882 1100.41
82 1 901.882 1103.5
82 2 901.882 1081.61
82 3 901.882 1069.84
82 4 901.882 1052.74
82 5 901.882 1047.14
82 6 901.882 1043.41
82 7 901.882 1040.85
82 8 901.882 1035.13
82 9 901.882 1033.06
82 10 901.882 1043.31
82 11 901.882 1035
82 12 901.882 1034.82
82 13 901.882 1034.43
82 14 901.882 1033.29
82 15 901.882 1033.38
83 0 890.411 964.931
83 1 890.411 962.357
83 2 890.411 957.404
83 3 890.411 955.015
83 4 890.411 950.572
83 5 890.411 950.443
83 6 890.411 949.541
83 7 890.411 949.798
83 8 890.411 946.775
83 9 890.411 945.674
83 10 890.411 950.787
83 11 890.411 946.268
83 12 890.411 945.826
83 13 890.411 945.905
83 14 890.411 946.608
83 15 890.411 947.271
87 0 795.959 1041.39
87 1 795.959 1058.11
87 2 795.959 1048.69
87 3 795.959 1041.05
87 4 795.959 1024.12
87 5 795.959 1020.46
87 6 795.959 1009.35
87 7 795.959 1007.09
87 8 795.959 1005.03
87 9 795.959 1000.42
87 10 795.959 1007.07
87 11 795.959 998.606
87 12 795.959 995.758
87 13 795.959 994.329
87 14 795.959 990.614
87 15 795.959 987.571
89 0 764.022 940.572
89 1 764.022 932.43
89 2 764.022 916.199
89 3 764.022 910.335
89 4 764.022 898.812
89 5 764.022 895.783
89 6 764.022 894.73
89 7 764.022 895.028
89 8 764.022 890.907
89 9 764.022 888.651
89 10 764.022 900.69
89 11 764.022 891.303
89 12 764.022 890.823
89 13 764.022 890.621
89 14 764.022 888.992
89 15 764.022 890.105
91 0 723.247 927.266
91 1 723.247 938.582
91 2 723.247 929.438
91 3 723.247 930.712
91 4 723.247 923.501
91 5 723.247 925.942
91 6 723.247 919.571
91 7 723.247 923.242
91 8 723.247 924.756
91 9 723.247 921.235
91 10 723.247 925.008
91 11 723.247 921.114
91 12 723.247 920.417
91 13 723.247 921.712
91 14 723.247 919.951
91 15 723.247 920.612
93 0 871.38 1026.58
93 1 871.38 1029.17
93 2 871.38 1015.01
93 3 871.38 1008.37
93 4 871.38 996.549
93 5 871.38 993.044
93 6 871.38 991.104
93 7 871.38 990.275
93 8 871.38 985.841
93 9 871.38 983.571
93 10 871.38 992.153
93 11 871.38 984.693
93 12 871.38 984.619
93 13 871.38 984.213
93 14 871.38 984.153
93 15 871.38 984.612
95 0 742.514 837.973
95 1 742.514 846.457
95 2 742.514 849.47
95 3 742.514 850.554
95 4 742.514 847.645
95 5 742.514 845.729
95 6 742.514 844.727
95 7 742.514 845.125
95 8 742.514 843.38
95 9 742.514 842.929
95 10 742.514 846.22
95 11 742.514 842.848
95 12 742.514 842.082
95 13 742.514 841.374
95 14 742.514 840.572
95 15 742.514 841.099
96 0 886.407 1023.31
96 1 886.407 1014.55
96 2 886.407 1002.07
96 3 886.407 1002.36
96 4 886.407 993.953
96 5 886.407 996.663
96 6 886.407 985.758
96 7 886.407 984.059
96 8 886.407 984.421
96 9 886.407 982.181
96 10 886.407 981.909
96 11 886.407 981.515
96 12 886.407 981.004
96 13 886.407 980.968
96 14 886.407 979.446
96 15 886.407 977.02
97 0 902.248 1061.99
97 1 902.248 1054.67
97 2 902.248 1042.61
97 3 902.248 1040.53
97 4 902.248 1031.98
97 5 902.248 1033.16
97 6 902.248 1025.7
97 7 902.248 1023.36
97 8 902.248 1021.79
97 9 902.248 1019.68
97 10 902.248 1022.97
97 11 902.248 1019.74
97 12 902.248 1019.18
97 13 902.248 1019.22
97 14 902.248 1017.62
97 15 902.248 1016.82
100 0 883.126 1024.55
100 1 883.126 1010.51
100 2 883.126 995.185
100 3 883.126 991.265
100 4 883.126 981.284
100 5 883.126 980.277
100 6 883.126 976.582
100 7 883.126 974.823
100 8 883.126 971.578
100 9 883.126 969.09
100 10 883.126 974.817
100 11 883.126 969.649
100 12 883.126 968.833
100 13 883.126 968.751
100 14 883.126 969.385
100 15 883.126 969.409
101 0 912.035 975.325
101 1 912.035 981.674
101 2 912.035 983.178
101 3 912.035 982.872
101 4 912.035 981.375
101 5 912.035 981.147
101 6 912.035 981.397
101 7 912.035 982.121
101 8 912.035 980.227
101 9 912.035 980.371
101 10 912.035 983.956
101 11 912.035 981.224
101 12 912.035 981.071
101 13 912.035 981.384
101 14 912.035 981.707
101 15 912.035 982.083
102 0 805.197 987.142
102 1 805.197 962.742
102 2 805.197 927.183
102 3 805.197 916.408
102 4 805.197 902.093
102 5 805.197 897.165
102 6 805.197 894.648
102 7 805.197 892.695
102 8 805.197 889.079
102 9 805.197 887.391
102 10 805.197 893.911
102 11 805.197 889.021
102 12 805.197 888.928
102 13 805.197 889.294
102 14 805.197 888.566
102 15 805.197 889.348
103 0 835.01 904.084
103 1 835.01 902.062
103 2 835.01 896.573
103 3 835.01 894.394
103 4 835.01 890.628
103 5 835.01 889.695
103 6 835.01 889.211
103 7 835.01 889.365
103 8 835.01 887.305
103 9 835.01 886.724
103 10 835.01 891.554
103 11 835.01 887.103
103 12 835.01 886.731
103 13 835.01 886.411
103 14 835.01 885.596
103 15 835.01 885.681
110 0 850.397 964.754
110 1 850.397 956.599
110 2 850.397 937.782
110 3 850.397 929.084
110 4 850.397 918.099
110 5 850.397 916.656
110 6 850.397 911.892
110 7 850.397 908.861
110 8 850.397 906.652
110 9 850.397 904.988
110 10 850.397 910.022
110 11 850.397 906.227
110 12 850.397 905.579
110 13 850.397 906.153
110 14 850.397 904.219
110 15 850.397 903.674
111 0 812.256 931.088
111 1 812.256 939.386
111 2 812.256 935.474
111 3 812.256 933.132
111 4 812.256 927.305
111 5 812.256 925.174
111 6 812.256 925.996
111 7 812.256 927.104
111 8 812.256 924.378
111 9 812.256 923.08
111 10 812.256 932.78
111 11 812.256 925.285
111 12 812.256 924.897
111 13 812.256 924.491
111 14 812.256 923.908
111 15 812.256 924.951
112 0 883.312 992.781
112 1 883.312 987.689
112 2 883.312 977.241
112 3 883.312 972.212
112 4 883.312 964.077
112 5 883.312 961.329
112 6 883.312 959.759
112 7 883.312 958.941
112 8 883.312 956
112 9 883.312 954.363
112 10 883.312 961.568
112 11 883.312 955.465
112 12 883.312 954.477
112 13 883.312 954.419
112 14 883.312 953.721
112 15 883.312 954.44
113 0 745.153 952.147
113 1 745.153 964.494
113 2 745.153 953.934
113 3 745.153 948.027
113 4 745.153 938.826
113 5 745.153 939.617
113 6 745.153 932.616
113 7 745.153 932.566
113 8 745.153 931.293
113 9 745.153 929.677
113 10 745.153 934.875
113 11 745.153 929.457
113 12 745.153 928.073
113 13 745.153 927.953
113 14 745.153 925.945
113 15 745.153 924.941
114 0 830.898 941.98
114 1 830.898 943.754
114 2 830.898 936.992
114 3 830.898 933.294
114 4 830.898 925.702
114 5 830.898 924.28
114 6 830.898 924.192
114 7 830.898 924.55
114 8 830.898 920.973
114 9 830.898 919.127
114 10 830.898 927.238
114 11 830.898 943.928
114 12 830.898 944.275
114 13 830.898 944.352
114 14 830.898 945.166
114 15 830.898 946.875
116 0 637.783 792.502
116 1 637.783 798.061
116 2 637.783 780.169
116 3 637.783 771.996
116 4 637.783 758.896
116 5 637.783 756.354
116 6 637.783 749.813
116 7 637.783 746.537
116 8 637.783 743.255
116 9 637.783 740.74
116 10 637.783 745.529
116 11 637.783 740.643
116 12 637.783 739.634
116 13 637.783 739.008
116 14 637.783 737.021
116 15 637.783 735.482
117 0 618.295 689.539
117 1 618.295 686.925
117 2 618.295 679.732
117 3 618.295 677.672
117 4 618.295 672.235
117 5 618.295 672.372
117 6 618.295 670.319
117 7 618.295 669.572
117 8 618.295 667.921
117 9 618.295 666.254
117 10 618.295 669.86
117 11 618.295 677.489
117 12 618.295 678.565
117 13 618.295 678.353
117 14 618.295 678.612
117 15 618.295 678.569
119 0 836.748 928.143
119 1 836.748 937.746
119 2 836.748 942.033
119 3 836.748 942.255
119 4 836.748 939.436
119 5 836.748 938.07
119 6 836.748 937.364
119 7 836.748 938.214
119 8 836.748 935.257
119 9 836.748 935.182
119 10 836.748 940.218
119 11 836.748 935.593
119 12 836.748 935.079
119 13 836.748 934.456
119 14 836.748 933.983
119 15 836.748 934.726
121 0 875.395 1048.31
121 1 875.395 1049.91
121 2 875.395 1043.26
121 3 875.395 1040.36
121 4 875.395 1031.83
121 5 875.395 1027.16
121 6 875.395 1032.98
121 7 875.395 1038.24
121 8 875.395 1032.41
121 9 875.395 1031.01
121 10 875.395 1050.71
121 11 875.395 1037.58
121 12 875.395 1038.34
121 13 875.395 1039.16
121 14 875.395 1039.07
121 15 875.395 1042.77
123 0 885.596 992.257
123 1 885.596 1002.93
123 2 885.596 1008.23
123 3 885.596 1008.64
123 4 885.596 1005.77
123 5 885.596 1006.91
123 6 885.596 1005.47
123 7 885.596 1007.04
123 8 885.596 1005.32
123 9 885.596 1003.88
123 10 885.596 1008.5
123 11 885.596 1034.09
123 12 885.596 1034.56
123 13 885.596 1034.73
123 14 885.596 1036.77
123 15 885.596 1038.22
124 0 905.962 1023.36
124 1 905.962 1027.54
124 2 905.962 1017.82
124 3 905.962 1012.79
124 4 905.962 1003.19
124 5 905.962 1000.69
124 6 905.962 998.608
124 7 905.962 998.087
124 8 905.962 994.954
124 9 905.962 992.977
124 10 905.962 999.786
124 11 905.962 1016.18
124 12 905.962 1016.67
124 13 905.962 1016.65
124 14 905.962 1017.35
124 15 905.962 1018.53
1 0 874.778 948.105
1 1 874.778 955.593
1 2 874.778 956.339
1 3 874.778 956.173
1 4 874.778 954.582
1 5 874.778 956.297
1 6 874.778 955.804
1 7 874.778 956.577
1 8 874.778 954.765
1 9 874.778 954.614
1 10 874.778 958.998
1 11 874.778 956.35
1 12 874.778 957.047
1 13 874.778 957.283
1 14 874.778 956.984
1 15 874.778 957.171
15 0 822.655 939.622
15 1 822.655 936.298
15 2 822.655 921.385
15 3 822.655 915.862
15 4 822.655 907.393
15 5 822.655 907.134
15 6 822.655 900.855
15 7 822.655 898.186
15 8 822.655 896.798
15 9 822.655 894.83
15 10 822.655 898.696
15 11 822.655 894.936
15 12 822.655 894.274
15 13 822.655 893.925
15 14 822.655 891.741
15 15 822.655 890.809
18 0 869.087 973.126
18 1 869.087 970.33
18 2 869.087 961.063
18 3 869.087 958.08
18 4 869.087 952.993
18 5 869.087 952.845
18 6 869.087 951.662
18 7 869.087 951.233
18 8 869.087 948.59
18 9 869.087 947.972
18 10 869.087 953.783
18 11 869.087 949.44
18 12 869.087 949.391
18 13 869.087 949.509
18 14 869.087 948.253
18 15 869.087 948.79
21 0 832.742 931.057
21 1 832.742 935.682
21 2 832.742 937.548
21 3 832.742 937.918
21 4 832.742 933.296
21 5 832.742 934.302
21 6 832.742 937.527
21 7 832.742 939.95
21 8 832.742 936.214
21 9 832.742 934.908
21 10 832.742 945.283
21 11 832.742 938.444
21 12 832.742 939.419
21 13 832.742 939.443
21 14 832.742 938.686
21 15 832.742 939.936
23 0 788.673 833.006
23 1 788.673 838.932
23 2 788.673 842.288
23 3 788.673 842.83
23 4 788.673 843.564
23 5 788.673 843.321
23 6 788.673 843.273
23 7 788.673 843.711
23 8 788.673 842.085
23 9 788.673 843.095
23 10 788.673 844.288
23 11 788.673 843.783
23 12 788.673 843.447
23 13 788.673 843.384
23 14 788.673 842.702
23 15 788.673 843.146
33 0 1005.64 1112.85
33 1 1005.64 1122.76
33 2 1005.64 1119.23
33 3 1005.64 1115.2
33 4 1005.64 1110.49
33 5 1005.64 1110.39
33 6 1005.64 1105.46
33 7 1005.64 1104.34
33 8 1005.64 1102.47
33 9 1005.64 1101.79
33 10 1005.64 1103.82
33 11 1005.64 1102.91
33 12 1005.64 1102.68
33 13 1005.64 1103.24
33 14 1005.64 1101.4
33 15 1005.64 1101.29
35 0 876.442 1009.53
35 1 876.442 1010.88
35 2 876.442 990.099
35 3 876.442 982.133
35 4 876.442 971.627
35 5 876.442 971.539
35 6 876.442 967.719
35 7 876.442 965.242
35 8 876.442 962.195
35 9 876.442 961.361
35 10 876.442 967.263
35 11 876.442 963.054
35 12 876.442 963.267
35 13 876.442 963.737
35 14 876.442 962.069
35 15 876.442 962.101
42 0 995.316 1158.3
42 1 995.316 1153.64
42 2 995.316 1133.23
42 3 995.316 1124.79
42 4 995.316 1110.78
42 5 995.316 1110.26
42 6 995.316 1101.51
42 7 995.316 1096.88
42 8 995.316 1093.45
42 9 995.316 1091.09
42 10 995.316 1097.32
42 11 995.316 1091.37
42 12 995.316 1091.23
42 13 995.316 1091.03
42 14 995.316 1088.23
42 15 995.316 1087.26
49 0 753.806 884.228
49 1 753.806 894.042
49 2 753.806 878.91
49 3 753.806 870.659
49 4 753.806 860.894
49 5 753.806 861.848
49 6 753.806 852
49 7 753.806 847.699
49 8 753.806 845.47
49 9 753.806 844.543
49 10 753.806 843.666
49 11 753.806 844.221
49 12 753.806 842.839
49 13 753.806 842.872
49 14 753.806 841.274
49 15 753.806 839.788
60 0 840.565 1003.48
60 1 840.565 1000.55
60 2 840.565 976.856
60 3 840.565 968.848
60 4 840.565 955.138
60 5 840.565 956.048
60 6 840.565 947.388
60 7 840.565 943.941
60 8 840.565 941.299
60 9 840.565 938.405
60 10 840.565 943.639
60 11 840.565 939.16
60 12 840.565 939.078
60 13 840.565 939.7
60 14 840.565 937.334
60 15 840.565 936.827
67 0 924.784 1069.15
67 1 924.784 1069.57
67 2 924.784 1048.27
67 3 924.784 1039.97
67 4 924.784 1025.41
67 5 924.784 1024.22
67 6 924.784 1017.9
67 7 924.784 1015.06
67 8 924.784 1011.93
67 9 924.784 1008.91
67 10 924.784 1014.62
67 11 924.784 1022.82
67 12 924.784 1022.1
67 13 924.784 1022.03
67 14 924.784 1022.33
67 15 924.784 1022.2
74 0 963.846 1112.94
74 1 963.846 1109.33
74 2 963.846 1088.22
74 3 963.846 1080.23
74 4 963.846 1065.36
74 5 963.846 1064.57
74 6 963.846 1058.44
74 7 963.846 1055.69
74 8 963.846 1052.33
74 9 963.846 1049.29
74 10 963.846 1055.67
74 11 963.846 1064.18
74 12 963.846 1063.45
74 13 963.846 1063.23
74 14 963.846 1062.41
74 15 963.846 1062.13
77 0 835.49 985.422
77 1 835.49 990.282
77 2 835.49 980.673
77 3 835.49 975.123
77 4 835.49 961.673
77 5 835.49 960.351
77 6 835.49 956.112
77 7 835.49 954.307
77 8 835.49 950.42
77 9 835.49 947.348
77 10 835.49 956.185
77 11 835.49 966.948
77 12 835.49 966.557
77 13 835.49 965.445
77 14 835.49 964.161
77 15 835.49 963.904
84 0 883.273 932.067
84 1 883.273 937.52
84 2 883.273 942.05
84 3 883.273 943.163
84 4 883.273 943.844
84 5 883.273 944.567
84 6 883.273 943.706
84 7 883.273 944.221
84 8 883.273 943.139
84 9 883.273 943.296
84 10 883.273 944.073
84 11 883.273 943.012
84 12 883.273 943.265
84 13 883.273 942.752
84 14 883.273 942.203
84 15 883.273 942.912
90 0 928.972 1028.06
90 1 928.972 1023.22
90 2 928.972 1009.68
90 3 928.972 1002.75
90 4 928.972 994.687
90 5 928.972 992.045
90 6 928.972 990.45
90 7 928.972 989.217
90 8 928.972 985.338
90 9 928.972 984.509
90 10 928.972 990.055
90 11 928.972 985.244
90 12 928.972 984.692
90 13 928.972 984.985
90 14 928.972 985.362
90 15 928.972 985.602
92 0 773.161 930.946
92 1 773.161 938.091
92 2 773.161 923.151
92 3 773.161 915.649
92 4 773.161 903.629
92 5 773.161 900.334
92 6 773.161 896.757
92 7 773.161 894.914
92 8 773.161 891.022
92 9 773.161 889.019
92 10 773.161 895.993
92 11 773.161 889.912
92 12 773.161 889.862
92 13 773.161 889.213
92 14 773.161 888.372
92 15 773.161 888.369
98 0 769.025 890.348
98 1 769.025 885.26
98 2 769.025 878.478
98 3 769.025 876.646
98 4 769.025 870.473
98 5 769.025 870.25
98 6 769.025 867.096
98 7 769.025 866.944
98 8 769.025 865.421
98 9 769.025 863.79
98 10 769.025 866.161
98 11 769.025 864.027
98 12 769.025 863.414
98 13 769.025 863.883
98 14 769.025 864.867
98 15 769.025 865.091
107 0 888.252 957.608
107 1 888.252 955.457
107 2 888.252 949.878
107 3 888.252 947.308
107 4 888.252 942.968
107 5 888.252 942.06
107 6 888.252 942
107 7 888.252 942.15
107 8 888.252 939.265
107 9 888.252 938.184
107 10 888.252 943.036
107 11 888.252 938.367
107 12 888.252 938.07
107 13 888.252 937.793
107 14 888.252 938.402
107 15 888.252 938.751
115 0 661.017 737.362
115 1 661.017 735.134
115 2 661.017 730.987
115 3 661.017 728.594
115 4 661.017 724.167
115 5 661.017 723.893
115 6 661.017 723.046
115 7 661.017 722.984
115 8 661.017 719.577
115 9 661.017 718.376
115 10 661.017 723.724
115 11 661.017 718.722
115 12 661.017 718.291
115 13 661.017 718.354
115 14 661.017 719.531
115 15 661.017 697.393
5 0 833.718 894.28
5 1 833.718 903.073
5 2 833.718 904.799
5 3 833.718 901.805
5 4 833.718 901.563
5 5 833.718 899.857
5 6 833.718 898.272
5 7 833.718 897.566
5 8 833.718 893.116
5 9 833.718 894.558
5 10 833.718 894.888
5 11 833.718 894.414
5 12 833.718 893.346
5 13 833.718 892.845
5 14 833.718 893.422
5 15 833.718 894.062
6 0 818.281 939.028
6 1 818.281 939.65
6 2 818.281 931.011
6 3 818.281 926.53
6 4 818.281 919.12
6 5 818.281 918.419
6 6 818.281 915.169
6 7 818.281 913.399
6 8 818.281 910.164
6 9 818.281 909.257
6 10 818.281 915.252
6 11 818.281 910.351
6 12 818.281 909.81
6 13 818.281 909.51
6 14 818.281 907.289
6 15 818.281 906.302
8 0 787.77 901.718
8 1 787.77 887.838
8 2 787.77 870.909
8 3 787.77 863.917
8 4 787.77 856.049
8 5 787.77 855.433
8 6 787.77 851.757
8 7 787.77 849.301
8 8 787.77 867.352
8 9 787.77 868.952
8 10 787.77 876.219
8 11 787.77 869.186
8 12 787.77 868.163
8 13 787.77 867.942
8 14 787.77 864.997
8 15 787.77 864.201
52 0 770.523 865.837
52 1 770.523 872.192
52 2 770.523 863.462
52 3 770.523 858.973
52 4 770.523 850.335
52 5 770.523 851.959
52 6 770.523 843.626
52 7 770.523 840.638
52 8 770.523 839.406
52 9 770.523 836.708
52 10 770.523 838.282
52 11 770.523 836.028
52 12 770.523 835.125
52 13 770.523 834.963
52 14 770.523 833.941
52 15 770.523 833.068
53 0 657.513 821.594
53 1 657.513 815.515
53 2 657.513 790.385
53 3 657.513 779.806
53 4 657.513 765.246
53 5 657.513 762.8
53 6 657.513 756.857
53 7 657.513 752.909
53 8 657.513 748.357
53 9 657.513 746.715
53 10 657.513 753.195
53 11 657.513 747.81
53 12 657.513 747.109
53 13 657.513 747.052
53 14 657.513 744.583
53 15 657.513 743.837
55 0 895.527 1038.21
55 1 895.527 1053.62
55 2 895.527 1047.77
55 3 895.527 1042
55 4 895.527 1034.84
55 5 895.527 1032.14
55 6 895.527 1030.62
55 7 895.527 1030.59
55 8 895.527 1027.18
55 9 895.527 1026.02
55 10 895.527 1033.66
55 11 895.527 1027.96
55 12 895.527 1027.07
55 13 895.527 1026.35
55 14 895.527 1023.88
55 15 895.527 1024.57
76 0 1058.87 1135.47
76 1 1058.87 1141.84
76 2 1058.87 1143.52
76 3 1058.87 1143.2
76 4 1058.87 1140.43
76 5 1058.87 1139.05
76 6 1058.87 1138.01
76 7 1058.87 1137.45
76 8 1058.87 1136.19
76 9 1058.87 1135.69
76 10 1058.87 1137.79
76 11 1058.87 1135.66
76 12 1058.87 1135.15
76 13 1058.87 1134.67
76 14 1058.87 1134.1
76 15 1058.87 1134.45
86 0 926.21 1013.86
86 1 926.21 1006.2
86 2 926.21 990.977
86 3 926.21 984.328
86 4 926.21 976.414
86 5 926.21 975.311
86 6 926.21 971.785
86 7 926.21 969.76
86 8 926.21 967.495
86 9 926.21 966.642
86 10 926.21 970.099
86 11 926.21 967.24
86 12 926.21 966.669
86 13 926.21 967.024
86 14 926.21 965.851
86 15 926.21 965.322
88 0 871.822 1004.82
88 1 871.822 1005.7
88 2 871.822 991.548
88 3 871.822 985.408
88 4 871.822 975.391
88 5 871.822 971.989
88 6 871.822 969.844
88 7 871.822 968.942
88 8 871.822 965.972
88 9 871.822 964.291
88 10 871.822 971.851
88 11 871.822 965.466
88 12 871.822 964.925
88 13 871.822 964.361
88 14 871.822 962.867
88 15 871.822 962.67
94 0 920.228 986.863
94 1 920.228 992.51
94 2 920.228 995.141
94 3 920.228 996.041
94 4 920.228 996.022
94 5 920.228 995.808
94 6 920.228 994.772
94 7 920.228 996.264
94 8 920.228 996.348
94 9 920.228 995.975
94 10 920.228 997.14
94 11 920.228 995.667
94 12 920.228 994.426
94 13 920.228 994.478
94 14 920.228 993.887
94 15 920.228 1003.27
104 0 867.497 980.554
104 1 867.497 972.719
104 2 867.497 954.559
104 3 867.497 946.812
104 4 867.497 937.455
104 5 867.497 934.229
104 6 867.497 932.281
104 7 867.497 931.013
104 8 867.497 928.132
104 9 867.497 927.044
104 10 867.497 932.979
104 11 867.497 928.172
104 12 867.497 927.372
104 13 867.497 927.174
104 14 867.497 925.97
104 15 867.497 926.038
105 0 785.454 884.106
105 1 785.454 892.219
105 2 785.454 891.23
105 3 785.454 889.371
105 4 785.454 885.464
105 5 785.454 884.357
105 6 785.454 882.876
105 7 785.454 883.309
105 8 785.454 881.026
105 9 785.454 880.221
105 10 785.454 885.315
105 11 785.454 879.297
105 12 785.454 879.47
105 13 785.454 879.298
105 14 785.454 878.289
105 15 785.454 878.138
14 0 881.445 1004.53
14 1 881.445 988.415
14 2 881.445 967.705
14 3 881.445 959.18
14 4 881.445 949.08
14 5 881.445 949.851
14 6 881.445 942.162
14 7 881.445 940.046
14 8 881.445 958.824
14 9 881.445 958.924
14 10 881.445 963.793
14 11 881.445 959.371
14 12 881.445 958.884
14 13 881.445 959.697
14 14 881.445 956.527
14 15 881.445 955.464
16 0 920.676 998.789
16 1 920.676 987.466
16 2 920.676 974.432
16 3 920.676 970.279
16 4 920.676 964.246
16 5 920.676 964.277
16 6 920.676 960.345
16 7 920.676 958.351
16 8 920.676 971.176
16 9 920.676 970.587
16 10 920.676 973.831
16 11 920.676 970.124
16 12 920.676 969.274
16 13 920.676 969.127
16 14 920.676 967.218
16 15 920.676 966.383
45 0 762.479 867.183
45 1 762.479 867.579
45 2 762.479 857.487
45 3 762.479 852.142
45 4 762.479 844.205
45 5 762.479 842.665
45 6 762.479 840.774
45 7 762.479 839.778
45 8 762.479 836.411
45 9 762.479 834.97
45 10 762.479 840.762
45 11 762.479 836.146
45 12 762.479 835.819
45 13 762.479 835.907
45 14 762.479 835.886
45 15 762.479 836.499
51 0 820.634 895.874
51 1 820.634 887.513
51 2 820.634 876.654
51 3 820.634 872.262
51 4 820.634 865.961
51 5 820.634 866.364
51 6 820.634 861.998
51 7 820.634 859.881
51 8 820.634 858.234
51 9 820.634 856.713
51 10 820.634 859.111
51 11 820.634 857.55
51 12 820.634 857.066
51 13 820.634 857.725
51 14 820.634 856.707
51 15 820.634 845.195
58 0 847.799 936.629
58 1 847.799 927.827
58 2 847.799 915.49
58 3 847.799 910.176
58 4 847.799 902.995
58 5 847.799 903.245
58 6 847.799 899.922
58 7 847.799 898.047
58 8 847.799 895.714
58 9 847.799 893.875
58 10 847.799 897.883
58 11 847.799 895.806
58 12 847.799 896.007
58 13 847.799 896.138
58 14 847.799 895.61
58 15 847.799 886.014
2 0 819.437 924.597
2 1 819.437 935.333
2 2 819.437 928.894
2 3 819.437 922.791
2 4 819.437 914.999
2 5 819.437 913.705
2 6 819.437 908.159
2 7 819.437 906.465
2 8 819.437 904.214
2 9 819.437 903.132
2 10 819.437 904.194
2 11 819.437 904.039
2 12 819.437 904.144
2 13 819.437 904.435
2 14 819.437 903.418
2 15 819.437 903.155
4 0 756.871 844.723
4 1 756.871 840.162
4 2 756.871 821.509
4 3 756.871 815.112
4 4 756.871 806.659
4 5 756.871 806.104
4 6 756.871 801.628
4 7 756.871 799.75
4 8 756.871 797.525
4 9 756.871 796.568
4 10 756.871 798.947
4 11 756.871 796.526
4 12 756.871 796.27
4 13 756.871 796.536
4 14 756.871 796.317
4 15 756.871 796.049
7 0 843.125 945.26
7 1 843.125 929.035
7 2 843.125 908.37
7 3 843.125 901.769
7 4 843.125 892.847
7 5 843.125 893.556
7 6 843.125 887.472
7 7 843.125 885.185
7 8 843.125 900.698
7 9 843.125 898.407
7 10 843.125 900.901
7 11 843.125 898.28
7 12 843.125 897.448
7 13 843.125 897.755
7 14 843.125 895.302
7 15 843.125 894.198
12 0 827.917 886.007
12 1 827.917 891.278
12 2 827.917 892.992
12 3 827.917 892.21
12 4 827.917 892.171
12 5 827.917 893.178
12 6 827.917 891.966
12 7 827.917 892.107
12 8 827.917 890.224
12 9 827.917 890.187
12 10 827.917 890.922
12 11 827.917 890.49
12 12 827.917 889.969
12 13 827.917 889.87
12 14 827.917 890.274
12 15 827.917 891.915
34 0 885.428 978.535
34 1 885.428 985.763
34 2 885.428 980.107
34 3 885.428 975.494
34 4 885.428 969.799
34 5 885.428 972.078
34 6 885.428 963.131
34 7 885.428 960.813
34 8 885.428 959.894
34 9 885.428 958.297
34 10 885.428 957.595
34 11 885.428 958.876
34 12 885.428 958.493
34 13 885.428 958.979
34 14 885.428 957.001
34 15 885.428 956.208
48 0 927.413 1061.49
48 1 927.413 1049.34
48 2 927.413 1028.22
48 3 927.413 1020.16
48 4 927.413 1008.95
48 5 927.413 1007.56
48 6 927.413 1002.38
48 7 927.413 999.837
48 8 927.413 997.439
48 9 927.413 995.468
48 10 927.413 1000.92
48 11 927.413 998.737
48 12 927.413 997.822
48 13 927.413 997.803
48 14 927.413 995.385
48 15 927.413 995.18
62 0 919.925 1111.36
62 1 919.925 1134.23
62 2 919.925 1134.16
62 3 919.925 1128.64
62 4 919.925 1121.72
62 5 919.925 1121.16
62 6 919.925 1116.15
62 7 919.925 1116
62 8 919.925 1113
62 9 919.925 1111.43
62 10 919.925 1116.83
62 11 919.925 1113.82
62 12 919.925 1112.47
62 13 919.925 1112.57
62 14 919.925 1109.86
62 15 919.925 1110.99
64 0 836.122 993.364
64 1 836.122 999.673
64 2 836.122 980.55
64 3 836.122 972.715
64 4 836.122 959.016
64 5 836.122 958.96
64 6 836.122 949.261
64 7 836.122 946.796
64 8 836.122 945.485
64 9 836.122 943.314
64 10 836.122 946.55
64 11 836.122 960.179
64 12 836.122 958.594
64 13 836.122 958.754
64 14 836.122 955.885
64 15 836.122 954.827
65 0 856.892 989.314
65 1 856.892 1000.14
65 2 856.892 988.875
65 3 856.892 979.934
65 4 856.892 967.228
65 5 856.892 964.142
65 6 856.892 960.011
65 7 856.892 958.068
65 8 856.892 953.865
65 9 856.892 952.473
65 10 856.892 958.758
65 11 856.892 969.283
65 12 856.892 968.952
65 13 856.892 969.015
65 14 856.892 968.216
65 15 856.892 968.715
70 0 870.194 968.153
70 1 870.194 961.852
70 2 870.194 941.171
70 3 870.194 935.202
70 4 870.194 924.736
70 5 870.194 925.164
70 6 870.194 919.012
70 7 870.194 916.225
70 8 870.194 914.881
70 9 870.194 913.361
70 10 870.194 916.274
70 11 870.194 920.664
70 12 870.194 919.802
70 13 870.194 920.149
70 14 870.194 918.567
70 15 870.194 917.491
71 0 903.336 1047.76
71 1 903.336 1031.17
71 2 903.336 1006.51
71 3 903.336 997.664
71 4 903.336 985.287
71 5 903.336 985.099
71 6 903.336 978.77
71 7 903.336 975.171
71 8 903.336 973.114
71 9 903.336 970.099
71 10 903.336 975.799
71 11 903.336 970.896
71 12 903.336 970.416
71 13 903.336 970.113
71 14 903.336 967.514
71 15 903.336 966.456
72 0 935.563 1046.07
72 1 935.563 1037.85
72 2 935.563 1025.2
72 3 935.563 1017.35
72 4 935.563 1009.54
72 5 935.563 1007.47
72 6 935.563 1005.79
72 7 935.563 1004.24
72 8 935.563 1001.28
72 9 935.563 999.581
72 10 935.563 1006.44
72 11 935.563 1000.77
72 12 935.563 1000.53
72 13 935.563 1000.19
72 14 935.563 998.806
72 15 935.563 1003.09
81 0 898.893 976.056
81 1 898.893 982.726
81 2 898.893 989.188
81 3 898.893 990.045
81 4 898.893 989.908
81 5 898.893 990.071
81 6 898.893 988.942
81 7 898.893 989.416
81 8 898.893 988.205
81 9 898.893 988.904
81 10 898.893 989.656
81 11 898.893 988.203
81 12 898.893 987.861
81 13 898.893 987.19
81 14 898.893 986.62
81 15 898.893 986.597
85 0 675.448 717.676
85 1 675.448 719.424
85 2 675.448 720.425
85 3 675.448 720.955
85 4 675.448 720.221
85 5 675.448 719.856
85 6 675.448 720.959
85 7 675.448 721.649
85 8 675.448 719.731
85 9 675.448 719.781
85 10 675.448 724.118
85 11 675.448 720.696
85 12 675.448 720.142
85 13 675.448 719.934
85 14 675.448 719.613
85 15 675.448 720.054
99 0 843.931 997.081
99 1 843.931 986.992
99 2 843.931 969.693
99 3 843.931 965.592
99 4 843.931 955.141
99 5 843.931 952.678
99 6 843.931 951.191
99 7 843.931 950.607
99 8 843.931 947.28
99 9 843.931 945.223
99 10 843.931 951.991
99 11 843.931 946.279
99 12 843.931 945.911
99 13 843.931 946.133
99 14 843.931 947.151
99 15 843.931 948.141
106 0 928.219 1076.25
106 1 928.219 1058.08
106 2 928.219 1036.75
106 3 928.219 1031.25
106 4 928.219 1020.35
106 5 928.219 1018.83
106 6 928.219 1016.86
106 7 928.219 1016.02
106 8 928.219 1012.72
106 9 928.219 1010.68
106 10 928.219 1017.27
106 11 928.219 1012.04
106 12 928.219 1011.96
106 13 928.219 1012.32
106 14 928.219 1013.23
106 15 928.219 1013.99
108 0 826.198 913.025
108 1 826.198 918.332
108 2 826.198 913.954
108 3 826.198 911.512
108 4 826.198 907.73
108 5 826.198 907.844
108 6 826.198 905.676
108 7 826.198 905.868
108 8 826.198 903.841
108 9 826.198 903.949
108 10 826.198 904.687
108 11 826.198 903.857
108 12 826.198 903.165
108 13 826.198 903.05
108 14 826.198 903.315
108 15 826.198 903.599
109 0 764.397 936.292
109 1 764.397 917.291
109 2 764.397 892.613
109 3 764.397 885.924
109 4 764.397 873.222
109 5 764.397 870.434
109 6 764.397 867.904
109 7 764.397 867.114
109 8 764.397 863.37
109 9 764.397 861.1
109 10 764.397 868.356
109 11 764.397 862.702
109 12 764.397 862.509
109 13 764.397 862.422
109 14 764.397 862.382
109 15 764.397 863.065
118 0 830.415 924.895
118 1 830.415 920.287
118 2 830.415 911.767
118 3 830.415 906.485
118 4 830.415 901.466
118 5 830.415 899.242
118 6 830.415 899.76
118 7 830.415 900.88
118 8 830.415 897.575
118 9 830.415 897.339
118 10 830.415 904.902
118 11 830.415 898.718
118 12 830.415 897.92
118 13 830.415 898.834
118 14 830.415 899.069
118 15 830.415 900.342
120 0 801.204 876.029
120 1 801.204 880.464
120 2 801.204 877.804
120 3 801.204 875.07
120 4 801.204 870.534
120 5 801.204 867.983
120 6 801.204 868.685
120 7 801.204 869.025
120 8 801.204 866.041
120 9 801.204 865.511
120 10 801.204 872.279
120 11 801.204 884.862
120 12 801.204 884.329
120 13 801.204 883.845
120 14 801.204 883.234
120 15 801.204 883.96
122 0 864.33 997.921
122 1 864.33 987.449
122 2 864.33 971.347
122 3 864.33 961.489
122 4 864.33 952.197
122 5 864.33 952.12
122 6 864.33 949.242
122 7 864.33 946.29
122 8 864.33 943.283
122 9 864.33 940.211
122 10 864.33 948.944
122 11 864.33 942.923
122 12 864.33 942.862
122 13 864.33 943.339
122 14 864.33 941.461
122 15 864.33 941.108
125 0 847.84 953.447
125 1 847.84 951.266
125 2 847.84 937.327
125 3 847.84 930.91
125 4 847.84 919.957
125 5 847.84 918.539
125 6 847.84 914.356
125 7 847.84 911.917
125 8 847.84 909.045
125 9 847.84 906.419
125 10 847.84 911.623
125 11 847.84 922.171
125 12 847.84 921.587
125 13 847.84 921.123
125 14 847.84 920.098
125 15 847.84 919.799
126 0 777.26 916.382
126 1 777.26 925.112
126 2 777.26 916.644
126 3 777.26 911.845
126 4 777.26 901.621
126 5 777.26 902.155
126 6 777.26 893.871
126 7 777.26 891.713
126 8 777.26 890.307
126 9 777.26 887.788
126 10 777.26 891.633
126 11 777.26 915.679
126 12 777.26 914.294
126 13 777.26 914.553
126 14 777.26 912.082
126 15 777.26 910.255
127 0 870.044 995.376
127 1 870.044 1003.9
127 2 870.044 998.783
127 3 870.044 994.573
127 4 870.044 984.706
127 5 870.044 982.926
127 6 870.044 978.393
127 7 870.044 976.028
127 8 870.044 973.687
127 9 870.044 971.516
127 10 870.044 978.153
127 11 870.044 995.863
127 12 870.044 994.008
127 13 870.044 993.518
127 14 870.044 990.591
127 15 870.044 990.109
